1725491357.209269 0.0 0.0 0.0 0.0 0.0 0.0 1.0
1725491357.3035402 0.0 -0.011131949209416398 -0.08100000000000307 0.0 0.0 0.0 1.0
1725491357.4049695 -0.008680385168954266 -0.022263898418832796 -0.0870000000000033 0.0 0.0 0.0 1.0
1725491357.5052853 0.008680383935397443 -0.011131949209416398 -0.03900000000000148 0.0 0.0 0.0 1.0
1725491357.604553 0.017360767870794887 0.0 -0.007999999999995566 0.0 0.0 0.0 1.0
1725491357.705154 0.008680383935397443 0.011131949209416398 0.019000000000005457 0.0 0.0 0.0 1.0
1725491357.8053913 0.008680383935397443 0.0 -0.0010000000000047748 0.0 0.0 0.0 1.0
1725491357.9044507 0.02604115303974915 0.0 0.030000000000001137 0.0 0.0 0.0 1.0
1725491358.0048354 0.04340192214410086 0.02226389762786024 0.07399999999999807 0.0 0.0 0.0 1.0
1725491358.105053 0.02604115303974915 0.0 0.07699999999999818 0.0 0.0 0.0 1.0
1725491358.2068152 0.008680383935397443 0.011131949209416398 0.055999999999997385 0.0 0.0 0.0 1.0
1725491358.3053985 0.008680383935397443 -0.033395847628249195 -0.05299999999999727 0.0 0.0 0.0 1.0
1725491358.4056416 0.02604115303974915 -0.04452779683766559 -0.07299999999999329 0.0 0.0 0.0 1.0
1725491358.5047567 0.03472153697514659 -0.04452779683766559 -0.07299999999999329 0.0 0.0 0.0 1.0
1725491358.604895 0.03472153697514659 -0.07792364367494224 -0.1460000000000008 0.0 0.0 0.0 1.0
1725491358.7058764 0.02604115303974915 -0.06679169446552584 -0.14799999999999613 0.0 0.0 0.0 1.0
1725491358.80472 0.02604115303974915 -0.07792364367494224 -0.16100000000000136 0.0 0.0 0.0 1.0
1725491358.904737 0.04340192214410086 -0.06679169446552584 -0.14999999999999147 0.0 0.0 0.0 1.0
1725491359.0059605 0.06076269124845258 -0.08905559288435863 -0.17199999999999704 0.0 0.0 0.0 1.0
1725491359.1033964 0.03472153697514659 -0.07792364367494224 -0.16899999999999693 0.0 0.0 0.0 1.0
1725491359.2088914 0.04340192214410086 -0.07792364367494224 -0.12399999999999523 0.0 0.0 0.0 1.0
1725491359.3062484 0.0520823060794983 -0.07792364367494224 -0.14399999999999125 0.0 0.0 0.0 1.0
1725491359.4055371 0.06076269124845258 -0.08905559288435863 -0.1460000000000008 0.0 0.0 0.0 1.0
1725491359.5057528 0.06944307518385001 -0.07792364367494224 -0.20199999999999818 0.0 0.0 0.0 1.0
1725491359.6056397 0.06076269124845258 -0.11131949130319144 -0.26899999999999125 0.0 0.0 0.0 1.0
1725491359.7048645 0.0520823060794983 -0.13358338893105168 -0.3130000000000024 0.0 0.0 0.0 1.0
1725491359.8047636 0.06076269124845258 -0.13358338893105168 -0.28600000000000136 0.0 0.0 0.0 1.0
1725491359.9056637 0.06944307518385001 -0.14471533814046805 -0.3199999999999932 0.0 0.0 0.0 1.0
1725491360.0033054 0.07812345911924747 -0.15584728734988448 -0.3199999999999932 0.0 0.0 0.0 1.0
1725491360.1042917 0.06944307518385001 -0.16697923655930086 -0.32200000000000273 0.0 0.0 0.0 1.0
1725491360.2097332 0.06944307518385001 -0.17811118576871726 -0.3539999999999992 0.0 0.0 0.0 1.0
1725491360.305644 0.06076269124845258 -0.18924313418716113 -0.39099999999999113 0.0 0.0 0.0 1.0
1725491360.4044294 0.06076269124845258 -0.2003750833965775 -0.3990000000000009 0.0 0.0 0.0 1.0
1725491360.505443 0.06076269124845258 -0.22263898181541028 -0.46699999999999875 0.0 0.0 0.0 1.0
1725491360.60477 0.07812345911924747 -0.22263898181541028 -0.42900000000000205 0.0 0.0 0.0 1.0
1725491360.7052054 0.08680384428820172 -0.2003750833965775 -0.3469999999999942 0.0 0.0 0.0 1.0
1725491360.805973 0.06944307518385001 -0.2337709310248267 -0.42199999999999704 0.0 0.0 0.0 1.0
1725491360.903154 0.07812345911924747 -0.22263898181541028 -0.36599999999999966 0.0 0.0 0.0 1.0
1725491361.0053048 0.08680384428820172 -0.2337709310248267 -0.402000000000001 0.0 0.0 0.0 1.0
1725491361.1052048 0.09548422822359916 -0.2337709310248267 -0.4029999999999916 0.0 0.0 0.0 1.0
1725491361.207993 0.07812345911924747 -0.26716677786210336 -0.43899999999999295 0.0 0.0 0.0 1.0
1725491361.304474 0.07812345911924747 -0.27829872707151976 -0.4129999999999967 0.0 0.0 0.0 1.0
1725491361.4054844 0.08680384428820172 -0.27829872707151976 -0.42499999999999716 0.0 0.0 0.0 1.0
1725491361.5044694 0.08680384428820172 -0.30056262549035256 -0.45600000000000307 0.0 0.0 0.0 1.0
1725491361.6048298 0.06944307518385001 -0.31169457469976897 -0.4819999999999993 0.0 0.0 0.0 1.0
1725491361.7054875 0.08680384428820172 -0.31169457469976897 -0.39699999999999136 0.0 0.0 0.0 1.0
1725491361.8051338 0.09548422822359916 -0.3339584723276292 -0.4339999999999975 0.0 0.0 0.0 1.0
1725491361.904946 0.07812345911924747 -0.32282652311821275 -0.4029999999999916 0.0 0.0 0.0 1.0
1725491362.0056586 0.09548422822359916 -0.32282652311821275 -0.355000000000004 0.0 0.0 0.0 1.0
1725491362.1039407 0.08680384428820172 -0.3450904215370456 -0.37699999999999534 0.0 0.0 0.0 1.0
1725491362.2075858 0.08680384428820172 -0.4341460144214042 -0.3370000000000033 0.0 0.0 0.0 1.0
1725491362.3059978 0.06944307518385001 -0.5454655049336231 -0.3269999999999982 0.0 0.0 0.0 1.0
1725491362.404629 0.03472153697514659 -0.5565974541430395 -0.23900000000000432 0.0 0.0 0.0 1.0
1725491362.504799 0.017360767870794887 -0.6122571993991489 -0.25499999999999545 0.0 0.0 0.0 1.0
1725491362.605733 0.008680383935397443 -0.6345210978179817 -0.277000000000001 0.0 0.0 0.0 1.0
1725491362.7022085 0.04340192214410086 -0.6233891486085653 -0.3199999999999932 0.0 0.0 0.0 1.0
1725491362.804044 0.02604115303974915 -0.6567849962368145 -0.3640000000000043 0.0 0.0 0.0 1.0
1725491362.904478 0.017360767870794887 -0.6679169446552584 -0.35599999999999454 0.0 0.0 0.0 1.0
1725491363.003645 0.02604115303974915 -0.6567849962368145 -0.30400000000000205 0.0 0.0 0.0 1.0
1725491363.104017 0.02604115303974915 -0.6456530470273981 -0.27299999999999613 0.0 0.0 0.0 1.0
1725491363.2085228 0.02604115303974915 -0.6567849962368145 -0.26599999999999113 0.0 0.0 0.0 1.0
1725491363.3045359 0.017360767870794887 -0.6790488938646747 -0.2669999999999959 0.0 0.0 0.0 1.0
1725491363.4045 0.017360767870794887 -0.6790488938646747 -0.2259999999999991 0.0 0.0 0.0 1.0
1725491363.5047936 0.02604115303974915 -0.6901808430740912 -0.20399999999999352 0.0 0.0 0.0 1.0
1725491363.6024778 0.017360767870794887 -0.6901808430740912 -0.25 0.0 0.0 0.0 1.0
1725491363.7048907 0.008680383935397443 -0.7235766907023404 -0.32500000000000284 0.0 0.0 0.0 1.0
1725491363.8051713 0.008680383935397443 -0.7235766907023404 -0.3509999999999991 0.0 0.0 0.0 1.0
1725491363.9042206 -0.008680385168954266 -0.756972537539617 -0.3499999999999943 0.0 0.0 0.0 1.0
1725491364.0044088 0.008680383935397443 -0.7903683851678661 -0.44700000000000273 0.0 0.0 0.0 1.0
1725491364.104169 -0.008680385168954266 -0.7681044867490334 -0.3649999999999949 0.0 0.0 0.0 1.0
1725491364.207644 -0.02604115427330598 -0.8126322827957264 -0.47100000000000364 0.0 0.0 0.0 1.0
1725491364.3044922 -0.03472153820870342 -0.8126322827957264 -0.465999999999994 0.0 0.0 0.0 1.0
1725491364.4047008 -0.02604115427330598 -0.8237642320051428 -0.480000000000004 0.0 0.0 0.0 1.0
1725491364.5025983 -0.02604115427330598 -0.8348961812145591 -0.5169999999999959 0.0 0.0 0.0 1.0
1725491364.604818 -0.03472153820870342 -0.8237642320051428 -0.480000000000004 0.0 0.0 0.0 1.0
1725491364.705472 -0.04340192214410086 -0.8237642320051428 -0.45300000000000296 0.0 0.0 0.0 1.0
1725491364.8047445 -0.06076269124845258 -0.8794239772612523 -0.4539999999999935 0.0 0.0 0.0 1.0
1725491364.904871 -0.052082307313055125 -0.8460281304239757 -0.36599999999999966 0.0 0.0 0.0 1.0
1725491365.0049562 -0.07812346035280428 -0.8682920280518358 -0.4509999999999934 0.0 0.0 0.0 1.0
1725491365.104345 -0.13888615160125684 -0.9684795701456108 -0.5120000000000005 0.0 0.0 0.0 1.0
1725491365.2085574 -0.16492730464100602 -1.0909310098672462 -0.5489999999999924 0.0 0.0 0.0 1.0
1725491365.3055696 -0.18228807374535771 -1.157722704332772 -0.4939999999999998 0.0 0.0 0.0 1.0
1725491365.4034128 -0.24305076499381031 -1.2467782972171306 -0.6009999999999991 0.0 0.0 0.0 1.0
1725491365.504293 -0.2864526871379111 -1.3358338893105168 -0.6080000000000041 0.0 0.0 0.0 1.0
1725491365.6045928 -0.32117422534661455 -1.4582853298231244 -0.6119999999999948 0.0 0.0 0.0 1.0
1725491365.704246 -0.36457614749071543 -1.5362089734980668 -0.6880000000000024 0.0 0.0 0.0 1.0
1725491365.8043747 -0.41665845357021375 -1.6252645655914528 -0.6539999999999964 0.0 0.0 0.0 1.0
1725491365.9046323 -0.47742114481866627 -1.725452107685228 -0.6080000000000041 0.0 0.0 0.0 1.0
1725491366.0039425 -0.5295034521317215 -1.80337575136017 -0.5420000000000016 0.0 0.0 0.0 1.0
1725491366.103841 -0.5555446051714705 -1.8924313434535562 -0.546999999999997 0.0 0.0 0.0 1.0
1725491366.2085593 -0.6076269124845258 -1.9703549871284982 -0.5889999999999986 0.0 0.0 0.0 1.0
1725491366.3038032 -0.6597092185640241 -2.0371466815940242 -0.605000000000004 0.0 0.0 0.0 1.0
1725491366.4044473 -0.7117915258770792 -2.126202274478383 -0.6230000000000047 0.0 0.0 0.0 1.0
1725491366.504708 -0.7551934480211799 -2.2486537142000182 -0.6509999999999962 0.0 0.0 0.0 1.0
1725491366.6042933 -0.8246365232050299 -2.337709307084377 -0.6610000000000014 0.0 0.0 0.0 1.0
1725491366.7042851 -0.8506776762447792 -2.38223710313107 -0.5699999999999932 0.0 0.0 0.0 1.0
1725491366.8051684 -0.8767188305180851 -2.4712926960154284 -0.539999999999992 0.0 0.0 0.0 1.0
1725491366.9038155 -0.9374815205329808 -2.571480237318231 -0.5099999999999909 0.0 0.0 0.0 1.0
1725491367.004635 -0.9548422896373325 -2.638271931783757 -0.4749999999999943 0.0 0.0 0.0 1.0
1725491367.1039767 -0.989563827846036 -2.7384594738775316 -0.527000000000001 0.0 0.0 0.0 1.0
1725491367.2063324 -1.0329657499901368 -2.8386470151803342 -0.3780000000000001 0.0 0.0 0.0 1.0
1725491367.3040507 -1.0590069030298859 -2.9499665064835257 -0.48099999999999454 0.0 0.0 0.0 1.0
1725491367.4045315 -1.085048057303192 -3.005626251739635 -0.42600000000000193 0.0 0.0 0.0 1.0
1725491367.5045955 -1.1458107485516444 -3.0946818438330213 -0.3999999999999915 0.0 0.0 0.0 1.0
1725491367.6039996 -1.1718519015913937 -3.194869385926796 -0.43200000000000216 0.0 0.0 0.0 1.0
1725491367.7045228 -1.2065734385665403 -3.2282652335550455 -0.30700000000000216 0.0 0.0 0.0 1.0
1725491367.8039706 -1.2673361298149928 -3.3507166732766804 -0.4479999999999933 0.0 0.0 0.0 1.0
1725491367.903801 -1.2673361298149928 -3.40637641853279 -0.27899999999999636 0.0 0.0 0.0 1.0
1725491368.004211 -1.2933772840882989 -3.4843000622077325 -0.24899999999999523 0.0 0.0 0.0 1.0
1725491368.1016057 -1.3280988210634455 -3.562223705882675 -0.13299999999999557 0.0 0.0 0.0 1.0
1725491368.206624 -1.3628203592721488 -3.6067515019293674 -0.07699999999999818 0.0 0.0 0.0 1.0
1725491368.3053498 -1.4062222814162497 -3.6846751456043103 -0.042999999999992156 0.0 0.0 0.0 1.0
1725491368.404395 -1.4062222814162497 -3.7514668400698357 0.027000000000001023 0.0 0.0 0.0 1.0
1725491368.5039244 -1.432263434455999 -3.818258534535362 0.0799999999999983 0.0 0.0 0.0 1.0
1725491368.6044621 -1.4496242035603506 -3.8850502290008873 0.16899999999999693 0.0 0.0 0.0 1.0
1725491368.7041748 -1.510386894808803 -3.9741058210942732 0.21600000000000819 0.0 0.0 0.0 1.0
1725491368.8037715 -1.5364280478485521 -4.052029464769216 0.3299999999999983 0.0 0.0 0.0 1.0
1725491368.9041333 -1.5451084330175067 -4.129953108444158 0.3739999999999952 0.0 0.0 0.0 1.0
1725491369.001684 -1.5711495860572557 -4.185612853700268 0.46399999999999864 0.0 0.0 0.0 1.0
1725491369.1029236 -1.597190739097005 -4.252404548165794 0.6200000000000045 0.0 0.0 0.0 1.0
1725491369.2077575 -1.623231892136754 -4.341460141050152 0.4720000000000084 0.0 0.0 0.0 1.0
1725491369.3043149 -1.7013553524895584 -4.408251835515678 0.5679999999999978 0.0 0.0 0.0 1.0
1725491369.4039402 -1.7100357376585125 -4.519571326027896 0.5790000000000077 0.0 0.0 0.0 1.0
1725491369.5046175 -1.7100357376585125 -4.5752310720749785 0.7049999999999983 0.0 0.0 0.0 1.0
1725491369.6043217 -1.744757274633659 -4.6642866641683645 0.7090000000000032 0.0 0.0 0.0 1.0
1725491369.7044985 -1.762118043738011 -4.753342257052724 0.7390000000000043 0.0 0.0 0.0 1.0
1725491369.8051968 -1.7794788128423624 -4.831265900727666 0.8290000000000077 0.0 0.0 0.0 1.0
1725491369.9021757 -1.8402415040908153 -4.898057595193191 0.882000000000005 0.0 0.0 0.0 1.0
1725491370.004522 -1.8228807349864635 -4.975981238868133 0.921999999999997 0.0 0.0 0.0 1.0
1725491370.104443 -1.883643426234916 -5.053904882543076 1.0910000000000082 0.0 0.0 0.0 1.0
1725491370.2074718 -1.883643426234916 -5.142960474636462 1.1159999999999997 0.0 0.0 0.0 1.0
1725491370.3049257 -1.9010041953392676 -5.23201606752082 1.1850000000000023 0.0 0.0 0.0 1.0
1725491370.4047844 -1.9183649644436196 -5.298807761986346 1.2560000000000002 0.0 0.0 0.0 1.0
1725491370.5041676 -1.9357257335479714 -5.376731405661288 1.2600000000000051 0.0 0.0 0.0 1.0
1725491370.6043384 -1.9617668865877202 -5.465786997754675 1.2930000000000064 0.0 0.0 0.0 1.0
1725491370.704749 -2.0138491926672186 -5.499182845382924 1.445999999999998 0.0 0.0 0.0 1.0
1725491370.801848 -2.048570730875922 -5.521446743801756 1.588000000000008 0.0 0.0 0.0 1.0
1725491370.9043152 -2.0572511148113195 -5.56597453984845 1.6159999999999997 0.0 0.0 0.0 1.0
1725491371.0048075 -2.1006530369554204 -5.688425979570085 1.5640000000000072 0.0 0.0 0.0 1.0
1725491371.1036837 -2.1093334221243745 -5.755217674035611 1.5660000000000025 0.0 0.0 0.0 1.0
1725491371.2085114 -2.213498035516928 -5.755217674035611 1.6640000000000015 0.0 0.0 0.0 1.0
1725491371.3057559 -2.256899957661029 -5.777481572454444 1.7270000000000039 0.0 0.0 0.0 1.0
1725491371.40464 -2.282941110700778 -5.833141317710553 1.7680000000000007 0.0 0.0 0.0 1.0
1725491371.5048363 -2.291621495869732 -5.888801062966662 1.7980000000000018 0.0 0.0 0.0 1.0
1725491371.6053336 -2.335023418013833 -6.000120554269854 1.8299999999999983 0.0 0.0 0.0 1.0
1725491371.7022195 -2.4305076462374324 -6.022384451897714 1.9030000000000058 0.0 0.0 0.0 1.0
1725491371.8051705 -2.4565488005107383 -6.06691224873538 1.9939999999999998 0.0 0.0 0.0 1.0
1725491371.9049056 -2.54335264479894 -6.111440044782073 2.0870000000000033 0.0 0.0 0.0 1.0
1725491372.00447 -2.569393797838689 -6.167099790038183 2.207000000000008 0.0 0.0 0.0 1.0
1725491372.10387 -2.61279571998279 -6.2561553829225405 2.2220000000000084 0.0 0.0 0.0 1.0
1725491372.2090647 -2.656197642126891 -6.345210975015927 2.271000000000001 0.0 0.0 0.0 1.0
1725491372.3047698 -2.6909191803355945 -6.40087072106301 2.2819999999999965 0.0 0.0 0.0 1.0
1725491372.4042332 -2.7777230246237963 -6.478794363946979 2.375 0.0 0.0 0.0 1.0
1725491372.5052018 -2.8037641776635454 -6.556718007621921 2.4170000000000016 0.0 0.0 0.0 1.0
1725491372.6021419 -2.88188763801635 -6.567849956831337 2.448999999999998 0.0 0.0 0.0 1.0
1725491372.7044537 -2.9166091762250526 -6.64577360050628 2.493000000000009 0.0 0.0 0.0 1.0
1725491372.805146 -2.9773718674735052 -6.723697244181222 2.4309999999999974 0.0 0.0 0.0 1.0
1725491372.9042478 -3.098897249970411 -6.757093091018499 2.5330000000000013 0.0 0.0 0.0 1.0
1725491373.0042307 -3.1596599399853065 -6.757093091018499 2.611000000000004 0.0 0.0 0.0 1.0
1725491373.1043103 -3.2030618633629637 -6.823884785484024 2.585000000000008 0.0 0.0 0.0 1.0
1725491373.2079525 -3.2811853224822114 -6.86841258232169 2.6430000000000007 0.0 0.0 0.0 1.0
1725491373.3041644 -3.3679891667704136 -6.9240723275778 2.628 0.0 0.0 0.0 1.0
1725491373.4046326 -3.4027107049791168 -6.968600123624491 2.6400000000000006 0.0 0.0 0.0 1.0
1725491373.5023277 -3.428751858018866 -7.046523767299434 2.692999999999998 0.0 0.0 0.0 1.0
1725491373.6048956 -3.4808341653319212 -7.0687876657182676 2.841000000000008 0.0 0.0 0.0 1.0
1725491373.7043717 -3.524236087476022 -7.1133154617649605 3.004000000000005 0.0 0.0 0.0 1.0
1725491373.8036158 -3.593679162659872 -7.180107156230486 3.1500000000000057 0.0 0.0 0.0 1.0
1725491373.9038782 -3.628400700868575 -7.22463495227718 3.2490000000000094 0.0 0.0 0.0 1.0
1725491374.0045712 -3.6978437760524256 -7.280294698324262 3.378 0.0 0.0 0.0 1.0
1725491374.103952 -3.7065241612213793 -7.302558595952122 3.3700000000000045 0.0 0.0 0.0 1.0
1725491374.207645 -3.758606467300878 -7.324822494370953 3.522999999999996 0.0 0.0 0.0 1.0
1725491374.305465 -3.7933280055095815 -7.335954443580371 3.7510000000000048 0.0 0.0 0.0 1.0
1725491374.4024975 -3.845410311589079 -7.402746138045897 3.820999999999998 0.0 0.0 0.0 1.0
1725491374.503927 -3.9061730028375314 -7.458405883302006 3.8940000000000055 0.0 0.0 0.0 1.0
1725491374.6042793 -3.932214157110838 -7.469537832511422 3.980000000000004 0.0 0.0 0.0 1.0
1725491374.7036827 -3.949574924981633 -7.525197577767531 4.0660000000000025 0.0 0.0 0.0 1.0
1725491374.8044548 -4.0103376162300854 -7.61425317065189 4.186000000000007 0.0 0.0 0.0 1.0
1725491374.9041507 -3.984296463190337 -7.681044865117417 4.263000000000005 0.0 0.0 0.0 1.0
1725491375.0035977 -4.08846107658289 -7.714440711954693 4.469999999999999 0.0 0.0 0.0 1.0
1725491375.1027899 -4.105821845687242 -7.758968508792359 4.543999999999997 0.0 0.0 0.0 1.0
1725491375.2088456 -4.1665845369356935 -7.770100457210802 4.612000000000009 0.0 0.0 0.0 1.0
1725491375.302848 -4.227347228184146 -7.825760203257884 4.704000000000008 0.0 0.0 0.0 1.0
1725491375.4045599 -4.2620687651592934 -7.903683846141854 4.814000000000007 0.0 0.0 0.0 1.0
1725491375.5047274 -4.305470688536952 -7.959343592188937 4.9140000000000015 0.0 0.0 0.0 1.0
1725491375.604282 -4.366233378551847 -8.026135286654462 4.984000000000009 0.0 0.0 0.0 1.0
1725491375.7046125 -4.400954916760551 -8.104058929538432 5.0730000000000075 0.0 0.0 0.0 1.0
1725491375.8044295 -4.3922745328251525 -8.248774267678899 5.150999999999996 0.0 0.0 0.0 1.0
1725491375.9039838 -4.400954916760551 -8.382357656609951 5.2450000000000045 0.0 0.0 0.0 1.0
1725491376.0040848 -4.435676454969253 -8.460281300284894 5.260999999999996 0.0 0.0 0.0 1.0
1725491376.1046884 -4.3922745328251525 -8.560468842378668 5.241 0.0 0.0 0.0 1.0
1725491376.2057607 -4.435676454969253 -8.604996638425362 5.304000000000002 0.0 0.0 0.0 1.0
1725491376.304406 -4.461717608009002 -8.63839248605361 5.356999999999999 0.0 0.0 0.0 1.0
1725491376.4049366 -4.479078377113355 -8.705184180519137 5.4140000000000015 0.0 0.0 0.0 1.0
1725491376.5041175 -4.513799915322058 -8.760843925775246 5.466000000000008 0.0 0.0 0.0 1.0
1725491376.604368 -4.479078377113355 -8.883295365496881 5.543999999999997 0.0 0.0 0.0 1.0
1725491376.7047477 -4.531160683192852 -9.02801070363735 5.661000000000001 0.0 0.0 0.0 1.0
1725491376.8046994 -4.505119530153103 -9.083670448893459 5.716999999999999 0.0 0.0 0.0 1.0
1725491376.9044242 -4.522480299257455 -9.172726041777818 5.802000000000007 0.0 0.0 0.0 1.0
1725491377.0045583 -4.548521452297205 -9.25064968545276 5.873000000000005 0.0 0.0 0.0 1.0
1725491377.1025867 -4.5745626065705105 -9.30630943070887 5.936999999999998 0.0 0.0 0.0 1.0
1725491377.2076623 -4.60060375961026 -9.339705277546146 5.987000000000009 0.0 0.0 0.0 1.0
1725491377.305677 -4.626644912650009 -9.384233074383811 6.048000000000002 0.0 0.0 0.0 1.0
1725491377.4045668 -4.6700468347941095 -9.46215671726778 6.105000000000004 0.0 0.0 0.0 1.0
1725491377.5045044 -4.6874076038984605 -9.528948411733307 6.134 0.0 0.0 0.0 1.0
1725491377.6052935 -4.7394899099779595 -9.584608157780389 6.204999999999998 0.0 0.0 0.0 1.0
1725491377.7045732 -4.791572217291014 -9.629135953827081 6.277000000000001 0.0 0.0 0.0 1.0
1725491377.8045077 -4.843654523370513 -9.68479569908319 6.317000000000007 0.0 0.0 0.0 1.0
1725491377.904573 -4.869695677643819 -9.762719342758134 6.338000000000008 0.0 0.0 0.0 1.0
1725491378.002751 -4.930458368892271 -9.818379088014243 6.3870000000000005 0.0 0.0 0.0 1.0
1725491378.103611 -4.973860291036373 -9.896302731689186 6.356000000000009 0.0 0.0 0.0 1.0
1725491378.2086403 -5.060664135324575 -9.918566630108018 6.350999999999999 0.0 0.0 0.0 1.0
1725491378.304779 -5.121426826573027 -9.99649027378296 6.385000000000005 0.0 0.0 0.0 1.0
1725491378.4052153 -5.060664135324575 -10.085545865876346 6.396000000000001 0.0 0.0 0.0 1.0
1725491378.5055504 -5.199550286925831 -10.16346950955129 6.516000000000005 0.0 0.0 0.0 1.0
1725491378.605424 -5.277673746045078 -10.24139315322623 6.524000000000001 0.0 0.0 0.0 1.0
1725491378.7048852 -5.251632593005328 -10.29705289848234 6.554000000000002 0.0 0.0 0.0 1.0
1725491378.8056347 -5.29503451514943 -10.397240440576114 6.658000000000001 0.0 0.0 0.0 1.0
1725491378.902705 -5.338436437293531 -10.46403213504164 6.6299999999999955 0.0 0.0 0.0 1.0
1725491379.0043917 -5.390518744606586 -10.519691880297751 6.543999999999997 0.0 0.0 0.0 1.0
1725491379.1047688 -5.468642204959391 -10.653275269228804 6.4879999999999995 0.0 0.0 0.0 1.0
1725491379.2085204 -5.49468335799914 -10.708935014484911 6.632000000000005 0.0 0.0 0.0 1.0
1725491379.3043787 -5.486002972830185 -10.79799060736927 6.719000000000008 0.0 0.0 0.0 1.0
1725491379.4048288 -5.5554460492475926 -10.842518403415964 6.766000000000005 0.0 0.0 0.0 1.0
1725491379.5047073 -5.546765664078638 -10.90931009788149 6.856999999999999 0.0 0.0 0.0 1.0
1725491379.605144 -5.512044127103491 -11.020629588393708 6.891999999999996 0.0 0.0 0.0 1.0
1725491379.7046056 -5.520724511038889 -11.054025436021957 7.025999999999996 0.0 0.0 0.0 1.0
1725491379.8026555 -5.538085280143241 -11.120817130487483 7.1129999999999995 0.0 0.0 0.0 1.0
1725491379.9043198 -5.5554460492475926 -11.176476875743592 7.260999999999996 0.0 0.0 0.0 1.0
1725491380.0054016 -5.590167586222738 -11.24326857020912 7.307000000000002 0.0 0.0 0.0 1.0
1725491380.1045825 -5.63356950836684 -11.276664417837367 7.366 0.0 0.0 0.0 1.0
1725491380.208564 -5.668291046575543 -11.343456112302894 7.432000000000002 0.0 0.0 0.0 1.0
1725491380.3058608 -5.711692968719643 -11.421379755186862 7.522999999999996 0.0 0.0 0.0 1.0
1725491380.4047534 -5.720373353888599 -11.488171449652388 7.537999999999997 0.0 0.0 0.0 1.0
1725491380.504541 -5.7637752760327 -11.56609509332733 7.573999999999998 0.0 0.0 0.0 1.0
1725491380.6046603 -5.807177198176801 -11.666282635421107 7.597999999999999 0.0 0.0 0.0 1.0
1725491380.7025962 -5.8505791203209006 -11.710810431467799 7.6440000000000055 0.0 0.0 0.0 1.0
1725491380.8048937 -5.87662027336065 -11.766470176723908 7.760000000000005 0.0 0.0 0.0 1.0
1725491380.9047415 -5.911341811569353 -11.866657718817684 7.869 0.0 0.0 0.0 1.0
1725491381.0040238 -5.946063349778057 -11.90005356565496 7.947000000000003 0.0 0.0 0.0 1.0
1725491381.1043248 -5.980784886753203 -11.944581362492626 8.00200000000001 0.0 0.0 0.0 1.0
1725491381.2091174 -5.989465271922158 -12.022505006167568 8.052000000000007 0.0 0.0 0.0 1.0
1725491381.304504 -6.006826039792952 -12.144956445889203 8.125 0.0 0.0 0.0 1.0
1725491381.4046886 -6.05022796317061 -12.200616191145311 8.183000000000007 0.0 0.0 0.0 1.0
1725491381.5047605 -6.1023102692501086 -12.245143987192005 8.25200000000001 0.0 0.0 0.0 1.0
1725491381.6022532 -6.1196710383544595 -12.311935681657532 8.275999999999996 0.0 0.0 0.0 1.0
1725491381.7045338 -6.154392576563164 -12.389859325332473 8.326000000000008 0.0 0.0 0.0 1.0
1725491381.8047585 -6.180433729602913 -12.43438712217014 8.411000000000001 0.0 0.0 0.0 1.0
1725491381.90434 -6.206474882642662 -12.467782969007416 8.463000000000008 0.0 0.0 0.0 1.0
1725491382.0044034 -6.232516035682411 -12.534574663472943 8.525000000000006 0.0 0.0 0.0 1.0
1725491382.1043081 -6.206474882642662 -12.601366357938467 8.600999999999999 0.0 0.0 0.0 1.0
1725491382.2083635 -6.249876804786762 -12.690421950822827 8.613 0.0 0.0 0.0 1.0
1725491382.3044815 -6.2585571899557175 -12.779477542916212 8.597999999999999 0.0 0.0 0.0 1.0
1725491382.4041393 -6.2585571899557175 -12.879665085009988 8.620000000000005 0.0 0.0 0.0 1.0
1725491382.501851 -6.2585571899557175 -12.946456779475513 8.733000000000004 0.0 0.0 0.0 1.0
1725491382.604271 -6.275917957826512 -12.990984575522205 8.775999999999996 0.0 0.0 0.0 1.0
1725491382.7043626 -6.223835651747014 -13.091172117615983 8.838999999999999 0.0 0.0 0.0 1.0
1725491382.8039184 -6.232516035682411 -13.25815135338431 8.703000000000003 0.0 0.0 0.0 1.0
1725491382.903955 -6.380082571219065 -13.29154720101256 8.801000000000002 0.0 0.0 0.0 1.0
1725491383.0042167 -6.371402187283668 -13.347206946268667 9.049000000000007 0.0 0.0 0.0 1.0
1725491383.1035142 -6.354041418179316 -13.425130589943612 9.153999999999996 0.0 0.0 0.0 1.0
1725491383.2076998 -6.380082571219065 -13.469658385990304 9.195000000000007 0.0 0.0 0.0 1.0
1725491383.3052588 -6.397443340323417 -13.480790335199721 9.234000000000009 0.0 0.0 0.0 1.0
1725491383.4025502 -6.397443340323417 -13.547582029665245 9.331000000000003 0.0 0.0 0.0 1.0
1725491383.5046225 -6.371402187283668 -13.636637622549605 9.463999999999999 0.0 0.0 0.0 1.0
1725491383.6052668 -6.301959112099818 -13.75908906227124 9.466999999999999 0.0 0.0 0.0 1.0
1725491383.704136 -6.267237573891116 -13.859276603574044 9.400000000000006 0.0 0.0 0.0 1.0
1725491383.8046973 -6.284598342995466 -13.926068298039567 9.432000000000002 0.0 0.0 0.0 1.0
1725491383.9054234 -6.284598342995466 -14.026255840133343 9.406999999999996 0.0 0.0 0.0 1.0
1725491384.0044336 -6.3280002651395675 -14.104179483808284 9.442000000000007 0.0 0.0 0.0 1.0
1725491384.1036782 -6.336680649074964 -14.159839229064394 9.512 0.0 0.0 0.0 1.0
1725491384.2088928 -6.3280002651395675 -14.226630923529921 9.525000000000006 0.0 0.0 0.0 1.0
1725491384.3027585 -6.3453610342439175 -14.293422617995445 9.536000000000001 0.0 0.0 0.0 1.0
1725491384.404125 -6.354041418179316 -14.382478210879805 9.570000000000007 0.0 0.0 0.0 1.0
1725491384.5054412 -6.319319879970613 -14.482665752182607 9.622 0.0 0.0 0.0 1.0
1725491384.6043873 -6.2585571899557175 -14.582853294276383 9.635000000000005 0.0 0.0 0.0 1.0
1725491384.7046356 -6.206474882642662 -14.6941727847886 9.75200000000001 0.0 0.0 0.0 1.0
1725491384.8047848 -6.137031807458812 -14.772096428463545 9.900999999999996 0.0 0.0 0.0 1.0
1725491384.9043648 -6.0762691162103595 -14.905679817394596 9.995000000000005 0.0 0.0 0.0 1.0
1725491385.0045497 -6.128351422289858 -15.00586735948837 10.042000000000002 0.0 0.0 0.0 1.0
1725491385.1046195 -6.154392576563164 -15.11718685000059 10.135999999999996 0.0 0.0 0.0 1.0
1725491385.2067425 -6.197794498707264 -15.106054900791172 10.167000000000002 0.0 0.0 0.0 1.0
1725491385.3047142 -6.197794498707264 -15.106054900791172 10.293000000000006 0.0 0.0 0.0 1.0
1725491385.4047468 -6.215155266578059 -15.139450748419423 10.409999999999997 0.0 0.0 0.0 1.0
1725491385.5042999 -6.241196420851365 -15.150582696837866 10.567999999999998 0.0 0.0 0.0 1.0
1725491385.6044116 -6.284598342995466 -15.183978544466116 10.650000000000006 0.0 0.0 0.0 1.0
1725491385.705532 -6.293278726930865 -15.25077023893164 10.695999999999998 0.0 0.0 0.0 1.0
1725491385.8043327 -6.310639496035215 -15.30642998418775 10.677999999999997 0.0 0.0 0.0 1.0
1725491385.904582 -6.336680649074964 -15.39548557707211 10.680000000000007 0.0 0.0 0.0 1.0
1725491386.0046437 -6.310639496035215 -15.451145322328218 10.680999999999997 0.0 0.0 0.0 1.0
1725491386.101731 -6.319319879970613 -15.473409220747051 10.765 0.0 0.0 0.0 1.0
1725491386.2077415 -6.336680649074964 -15.495673118374912 10.796000000000006 0.0 0.0 0.0 1.0
1725491386.3054388 -6.371402187283668 -15.573596762049855 10.798000000000002 0.0 0.0 0.0 1.0
1725491386.4046109 -6.380082571219065 -15.629256507305964 10.793000000000006 0.0 0.0 0.0 1.0
1725491386.5042064 -6.371402187283668 -15.69604820177149 10.762 0.0 0.0 0.0 1.0
1725491386.604593 -6.319319879970613 -15.80736769307468 10.808000000000007 0.0 0.0 0.0 1.0
1725491386.7040303 -6.336680649074964 -15.907555234377483 10.912000000000006 0.0 0.0 0.0 1.0
1725491386.80455 -6.3453610342439175 -15.97434692884301 11.007000000000005 0.0 0.0 0.0 1.0
1725491386.9044907 -6.3453610342439175 -16.018874725680675 11.073999999999998 0.0 0.0 0.0 1.0
1725491387.0022025 -6.310639496035215 -16.10793031777406 11.085000000000008 0.0 0.0 0.0 1.0
1725491387.103716 -6.293278726930865 -16.208117859867833 11.055999999999997 0.0 0.0 0.0 1.0
1725491387.208596 -6.336680649074964 -16.30830540117064 11.067999999999998 0.0 0.0 0.0 1.0
1725491387.3042068 -6.397443340323417 -16.397360994054996 11.097000000000008 0.0 0.0 0.0 1.0
1725491387.4039116 -6.397443340323417 -16.53094438298605 11.112000000000009 0.0 0.0 0.0 1.0
1725491387.5042667 -6.43216487853212 -16.586604128242158 11.132000000000005 0.0 0.0 0.0 1.0
1725491387.6041431 -6.43216487853212 -16.6645277719171 11.198000000000008 0.0 0.0 0.0 1.0
1725491387.7042704 -6.423484494596723 -16.742451415592043 11.182000000000002 0.0 0.0 0.0 1.0
1725491387.804636 -6.423484494596723 -16.85377090610426 11.183999999999997 0.0 0.0 0.0 1.0
1725491387.9021075 -6.423484494596723 -16.94282649898862 11.221000000000004 0.0 0.0 0.0 1.0
1725491388.0040693 -6.414804109427769 -17.009618193454145 11.204999999999998 0.0 0.0 0.0 1.0
1725491388.1046166 -6.380082571219065 -17.07640988791967 11.096000000000004 0.0 0.0 0.0 1.0
1725491388.2086701 -6.38876295638802 -17.18772937843189 11.104 0.0 0.0 0.0 1.0
1725491388.304598 -6.406123725492371 -17.287916920525667 11.12700000000001 0.0 0.0 0.0 1.0
1725491388.404767 -6.440845262467518 -17.37697251261905 11.100999999999999 0.0 0.0 0.0 1.0
1725491388.504054 -6.466886416740824 -17.477160054712826 11.212000000000003 0.0 0.0 0.0 1.0
1725491388.6040895 -6.423484494596723 -17.599611494434463 11.256 0.0 0.0 0.0 1.0
1725491388.7046244 -6.354041418179316 -17.699799036528237 11.189999999999998 0.0 0.0 0.0 1.0
1725491388.802322 -6.380082571219065 -17.621875392853294 11.394999999999996 0.0 0.0 0.0 1.0
1725491388.9043887 -6.38876295638802 -17.7220629341561 11.462000000000003 0.0 0.0 0.0 1.0
1725491389.0046864 -6.406123725492371 -17.844514374668705 11.350999999999999 0.0 0.0 0.0 1.0
1725491389.1038365 -6.310639496035215 -18.044889458065285 11.281000000000006 0.0 0.0 0.0 1.0
1725491389.2078466 -6.3280002651395675 -18.10054920332139 11.271 0.0 0.0 0.0 1.0
1725491389.3052287 -6.38876295638802 -18.189604795414777 11.269000000000005 0.0 0.0 0.0 1.0
1725491389.4046662 -6.362721803348271 -18.278660388299137 11.280000000000001 0.0 0.0 0.0 1.0
1725491389.504066 -6.38876295638802 -18.38997987960233 11.24300000000001 0.0 0.0 0.0 1.0
1725491389.6044152 -6.354041418179316 -18.53469521695182 11.233000000000004 0.0 0.0 0.0 1.0
1725491389.7023048 -6.293278726930865 -18.590354962998905 11.299000000000007 0.0 0.0 0.0 1.0
1725491389.803969 -6.3453610342439175 -18.71280640272054 11.328000000000003 0.0 0.0 0.0 1.0
1725491389.9044666 -6.301959112099818 -18.82412589323276 11.284000000000006 0.0 0.0 0.0 1.0
1725491390.003893 -6.301959112099818 -18.790730046395485 11.399000000000001 0.0 0.0 0.0 1.0
1725491390.1034229 -6.310639496035215 -18.857521740861007 11.433999999999997 0.0 0.0 0.0 1.0
1725491390.207955 -6.293278726930865 -19.01336902741992 11.257999999999996 0.0 0.0 0.0 1.0
1725491390.304505 -6.3280002651395675 -19.10242462030428 11.260000000000005 0.0 0.0 0.0 1.0
1725491390.4044049 -6.3453610342439175 -19.14695241635097 11.394999999999996 0.0 0.0 0.0 1.0
1725491390.5045843 -6.301959112099818 -19.26940385686358 11.341999999999999 0.0 0.0 0.0 1.0
1725491390.602709 -6.223835651747014 -19.43638309263191 11.272000000000006 0.0 0.0 0.0 1.0
1725491390.7044175 -6.223835651747014 -19.547702583144126 11.319000000000003 0.0 0.0 0.0 1.0
1725491390.804474 -6.206474882642662 -19.670154023656735 11.323999999999998 0.0 0.0 0.0 1.0
1725491390.9043195 -6.232516035682411 -19.73694571812226 11.242000000000004 0.0 0.0 0.0 1.0
1725491391.0043082 -6.2585571899557175 -19.81486936100623 11.182000000000002 0.0 0.0 0.0 1.0
1725491391.104599 -6.241196420851365 -19.9595846991467 11.152000000000001 0.0 0.0 0.0 1.0
1725491391.2089224 -6.267237573891116 -20.09316808807775 11.073000000000008 0.0 0.0 0.0 1.0
1725491391.3044055 -6.275917957826512 -20.115431986496585 10.997 0.0 0.0 0.0 1.0
1725491391.4051695 -6.319319879970613 -20.18222368096211 10.938000000000002 0.0 0.0 0.0 1.0
1725491391.5025113 -6.336680649074964 -20.304675120683743 10.956000000000003 0.0 0.0 0.0 1.0
1725491391.6042688 -6.38876295638802 -20.304675120683743 10.988 0.0 0.0 0.0 1.0
1725491391.704605 -6.406123725492371 -20.382598764358686 11.072000000000003 0.0 0.0 0.0 1.0
1725491391.8040028 -6.423484494596723 -20.42712656040538 11.126000000000005 0.0 0.0 0.0 1.0
1725491391.9040506 -6.466886416740824 -20.516182153289737 11.045000000000002 0.0 0.0 0.0 1.0
1725491392.0045686 -6.518968722820322 -20.57184189854585 11.034000000000006 0.0 0.0 0.0 1.0
1725491392.1037352 -6.562370644964423 -20.61636969538351 10.985 0.0 0.0 0.0 1.0
1725491392.2078266 -6.597092183173127 -20.727689185895734 10.950000000000003 0.0 0.0 0.0 1.0
1725491392.304859 -6.562370644964423 -20.772216981942424 10.945000000000007 0.0 0.0 0.0 1.0
1725491392.4024549 -6.579731414068775 -20.827876727198532 10.917000000000002 0.0 0.0 0.0 1.0
1725491392.5038037 -6.5536902610290255 -20.916932320082893 10.807000000000002 0.0 0.0 0.0 1.0
1725491392.6043074 -6.597092183173127 -20.92806426929231 10.866 0.0 0.0 0.0 1.0
1725491392.7039955 -6.614452952277479 -20.96146011692056 10.820999999999998 0.0 0.0 0.0 1.0
1725491392.8043187 -6.666535258356977 -20.972592065339004 10.774000000000001 0.0 0.0 0.0 1.0
1725491392.9042928 -6.614452952277479 -21.06164765822336 10.736000000000004 0.0 0.0 0.0 1.0
1725491393.0035217 -6.640494105317228 -21.161835200317135 10.710000000000008 0.0 0.0 0.0 1.0
1725491393.1028566 -6.683896027461327 -21.250890792410523 10.709000000000003 0.0 0.0 0.0 1.0
1725491393.2075405 -6.718617565670032 -21.328814436085466 10.719000000000008 0.0 0.0 0.0 1.0
1725491393.302527 -6.72729794960543 -21.39560613055099 10.74300000000001 0.0 0.0 0.0 1.0
1725491393.403766 -6.744658718709781 -21.50692562106321 10.701000000000008 0.0 0.0 0.0 1.0
1725491393.504403 -6.762019487814133 -21.551453417900873 10.747 0.0 0.0 0.0 1.0
1725491393.604138 -6.762019487814133 -21.595981213947567 10.808000000000007 0.0 0.0 0.0 1.0
1725491393.7037158 -6.779380256918484 -21.662772908413093 10.811999999999998 0.0 0.0 0.0 1.0
1725491393.8036342 -6.779380256918484 -21.718432653669204 10.817999999999998 0.0 0.0 0.0 1.0
1725491393.9039228 -6.753339102645179 -21.762960450506867 10.905000000000001 0.0 0.0 0.0 1.0
1725491394.0034516 -6.70125679656568 -21.80748824655356 10.911000000000001 0.0 0.0 0.0 1.0
1725491394.1029956 -6.709937180501078 -21.89654383943792 10.846000000000004 0.0 0.0 0.0 1.0
1725491394.204554 -6.63181372138183 -21.963335533903447 10.997 0.0 0.0 0.0 1.0
1725491394.3042617 -6.666535258356977 -22.018995279159554 11.114000000000004 0.0 0.0 0.0 1.0
1725491394.4041123 -6.735978334774384 -22.085786973625083 11.168999999999997 0.0 0.0 0.0 1.0
1725491394.5040257 -6.753339102645179 -22.163710617300023 11.210000000000008 0.0 0.0 0.0 1.0
1725491394.6038246 -6.779380256918484 -22.241634260974966 11.171000000000006 0.0 0.0 0.0 1.0
1725491394.7040987 -6.762019487814133 -22.352953751487185 11.11800000000001 0.0 0.0 0.0 1.0
1725491394.8037078 -6.692576411396725 -22.39748154753388 11.156999999999996 0.0 0.0 0.0 1.0
1725491394.9037778 -6.657854874421578 -22.48653714041824 11.135999999999996 0.0 0.0 0.0 1.0
1725491395.0041263 -6.666535258356977 -22.542196885674343 11.197000000000003 0.0 0.0 0.0 1.0
1725491395.1014795 -6.666535258356977 -22.608988580139872 11.245000000000005 0.0 0.0 0.0 1.0
1725491395.207563 -6.63181372138183 -22.720308071443064 11.179000000000002 0.0 0.0 0.0 1.0
1725491395.3047483 -6.605772567108524 -22.80936366353645 11.212000000000003 0.0 0.0 0.0 1.0
1725491395.4037044 -6.614452952277479 -22.86502340879256 11.269999999999996 0.0 0.0 0.0 1.0
1725491395.503644 -6.63181372138183 -22.965210950886334 11.292000000000002 0.0 0.0 0.0 1.0
1725491395.6041372 -6.6491744892526246 -22.99860679772361 11.24300000000001 0.0 0.0 0.0 1.0
1725491395.7036998 -6.6491744892526246 -23.043134594561277 11.174000000000007 0.0 0.0 0.0 1.0
1725491395.8033967 -6.6231333362128755 -23.043134594561277 11.191000000000003 0.0 0.0 0.0 1.0
1725491395.9039412 -6.597092183173127 -23.08766239060797 11.207999999999998 0.0 0.0 0.0 1.0
1725491396.0017803 -6.597092183173127 -23.109926289026802 11.25200000000001 0.0 0.0 0.0 1.0
1725491396.1034887 -6.709937180501078 -23.16558603428291 11.216000000000008 0.0 0.0 0.0 1.0
1725491396.2076087 -6.848823332102334 -23.187849932701745 11.219000000000008 0.0 0.0 0.0 1.0
1725491396.3039505 -6.987709483703592 -23.210113830329604 11.263000000000005 0.0 0.0 0.0 1.0
1725491396.4026234 -7.065832942822838 -23.23237772874844 11.356000000000009 0.0 0.0 0.0 1.0
1725491396.5034747 -7.065832942822838 -23.176717983492328 11.411000000000001 0.0 0.0 0.0 1.0
1725491396.603101 -7.178677941384346 -23.109926289026802 11.427999999999997 0.0 0.0 0.0 1.0
1725491396.7035308 -7.3088837078166495 -23.121058238236216 11.495000000000005 0.0 0.0 0.0 1.0
1725491396.8039699 -7.404367937273805 -23.14332213586408 11.454000000000008 0.0 0.0 0.0 1.0
1725491396.9004767 -7.508532550666359 -23.210113830329604 11.415000000000006 0.0 0.0 0.0 1.0
1725491397.0027695 -7.569295241914811 -23.276905524795133 11.482 0.0 0.0 0.0 1.0
1725491397.10363 -7.690820624411716 -23.343697219260655 11.394000000000005 0.0 0.0 0.0 1.0
1725491397.2067785 -7.751583314426612 -23.488412557401123 11.320000000000007 0.0 0.0 0.0 1.0
1725491397.3035243 -7.847067543883769 -23.577468150285483 11.269999999999996 0.0 0.0 0.0 1.0
1725491397.4034626 -7.925191004236571 -23.72218348842595 11.132000000000005 0.0 0.0 0.0 1.0
1725491397.5026312 -8.046716386733477 -23.822371029728753 11.112000000000009 0.0 0.0 0.0 1.0
1725491397.6033397 -8.15088100012603 -23.83350297893817 11.091000000000008 0.0 0.0 0.0 1.0
1725491397.7034595 -8.298447535662685 -23.933690521031945 10.926000000000002 0.0 0.0 0.0 1.0
1725491397.8006034 -8.307127919598082 -23.944822469450386 10.873000000000005 0.0 0.0 0.0 1.0
1725491397.9028232 -8.281086766558333 -23.944822469450386 10.811000000000007 0.0 0.0 0.0 1.0
1725491398.0039754 -8.298447535662685 -23.933690521031945 10.787999999999997 0.0 0.0 0.0 1.0
1725491398.1030095 -8.341849457806786 -23.96708636786922 10.816000000000003 0.0 0.0 0.0 1.0
1725491398.206582 -8.359210226911136 -24.00048221549747 10.795000000000002 0.0 0.0 0.0 1.0
1725491398.3045723 -8.350529841742183 -24.045010011544164 10.793000000000006 0.0 0.0 0.0 1.0
1725491398.403746 -8.307127919598082 -24.100669756800272 10.826000000000008 0.0 0.0 0.0 1.0
1725491398.502695 -8.315808304767037 -24.07840585838144 10.820000000000007 0.0 0.0 0.0 1.0
1725491398.6037688 -8.359210226911136 -24.156329502056384 10.807000000000002 0.0 0.0 0.0 1.0
1725491398.701767 -8.385251379950885 -24.22312119652191 10.768 0.0 0.0 0.0 1.0
1725491398.8039136 -8.428653302094988 -24.27878094256899 10.765 0.0 0.0 0.0 1.0
1725491398.9043744 -8.402612149055239 -24.37896848387179 10.713000000000008 0.0 0.0 0.0 1.0
1725491399.003458 -8.437333686030385 -24.534815771221677 10.542000000000002 0.0 0.0 0.0 1.0
1725491399.1028051 -8.472055224239087 -24.534815771221677 10.662999999999997 0.0 0.0 0.0 1.0
1725491399.2086222 -8.506776762447792 -24.61273941489662 10.695000000000007 0.0 0.0 0.0 1.0
1725491399.3046064 -8.55885906852729 -24.85764229433989 10.362000000000009 0.0 0.0 0.0 1.0
1725491399.403922 -8.550178684591893 -24.891038141177166 10.346000000000004 0.0 0.0 0.0 1.0
1725491399.504568 -8.480735609408041 -24.935565938014832 10.385000000000005 0.0 0.0 0.0 1.0
1725491399.6017349 -8.515457146383188 -24.991225683270944 10.337000000000003 0.0 0.0 0.0 1.0
1725491399.7041068 -8.532817915487541 -25.180468817458102 10.152000000000001 0.0 0.0 0.0 1.0
1725491399.8042028 -8.593580606735992 -25.191600766667516 10.192000000000007 0.0 0.0 0.0 1.0
1725491399.9028037 -8.636982528880095 -25.314052206389153 10.048000000000002 0.0 0.0 0.0 1.0
1725491400.002724 -8.628302144944698 -25.469899493739042 10.004000000000005 0.0 0.0 0.0 1.0
1725491400.1035028 -8.636982528880095 -25.614614831879507 9.825000000000003 0.0 0.0 0.0 1.0
1725491400.2062914 -8.645662912815492 -25.614614831879507 9.765 0.0 0.0 0.0 1.0
1725491400.3037941 -8.628302144944698 -25.71480237318231 9.688000000000002 0.0 0.0 0.0 1.0
1725491400.4038997 -8.619621759775743 -25.85951771132278 9.432000000000002 0.0 0.0 0.0 1.0
1725491400.5017772 -8.576219837631642 -25.97083720262597 9.281000000000006 0.0 0.0 0.0 1.0
1725491400.6035762 -8.550178684591893 -26.059892794719357 9.259 0.0 0.0 0.0 1.0
1725491400.7037733 -8.584900222800595 -26.193476183650407 9.11 0.0 0.0 0.0 1.0
1725491400.8036864 -8.628302144944698 -26.304795674953596 9.010999999999996 0.0 0.0 0.0 1.0
1725491400.9033554 -8.749827526208046 -26.4049832162564 8.972999999999999 0.0 0.0 0.0 1.0
1725491401.0038118 -8.801909833521101 -26.505170758350175 8.951999999999998 0.0 0.0 0.0 1.0
1725491401.103749 -8.801909833521101 -26.571962452815704 8.948999999999998 0.0 0.0 0.0 1.0
1725491401.2065852 -8.801909833521101 -26.70554584174675 8.826000000000008 0.0 0.0 0.0 1.0
1725491401.3051093 -8.784549064416748 -26.79460143384014 8.829999999999998 0.0 0.0 0.0 1.0
1725491401.4023902 -8.758507911377 -26.894788975933917 8.793999999999997 0.0 0.0 0.0 1.0
1725491401.5036173 -8.784549064416748 -26.99497651723672 8.689999999999998 0.0 0.0 0.0 1.0
1725491401.6042578 -8.853992139600598 -27.028372364864964 8.733000000000004 0.0 0.0 0.0 1.0
1725491401.7035587 -8.897394062978256 -27.050636263283796 8.738 0.0 0.0 0.0 1.0
1725491401.8037488 -8.966837138162106 -27.128559906167766 8.704999999999998 0.0 0.0 0.0 1.0
1725491401.9036765 -9.079682135490057 -27.284407193517655 8.507999999999996 0.0 0.0 0.0 1.0
1725491402.0036151 -9.149125211907464 -27.340066938773763 8.424000000000007 0.0 0.0 0.0 1.0
1725491402.1027036 -9.18384674888261 -27.395726684029874 8.460999999999999 0.0 0.0 0.0 1.0
1725491402.2067378 -9.261970209235415 -27.495914226123645 8.454000000000008 0.0 0.0 0.0 1.0
1725491402.3016663 -9.288011362275164 -27.584969819008005 8.447000000000003 0.0 0.0 0.0 1.0
1725491402.4029214 -9.288011362275164 -27.751949054776336 8.442000000000007 0.0 0.0 0.0 1.0
1725491402.5038562 -9.305372131379515 -27.852136596870107 8.445999999999998 0.0 0.0 0.0 1.0
1725491402.6037436 -9.35745443869257 -27.8966643929168 8.49900000000001 0.0 0.0 0.0 1.0
1725491402.7033172 -9.43557789781182 -27.952324138172912 8.527000000000001 0.0 0.0 0.0 1.0
1725491402.8035362 -9.43557789781182 -28.085907527103963 8.448999999999998 0.0 0.0 0.0 1.0
1725491402.9025476 -9.45293866691617 -28.17496311998832 8.354 0.0 0.0 0.0 1.0
1725491403.0023773 -9.478979821189476 -28.241754814453845 8.317999999999998 0.0 0.0 0.0 1.0
1725491403.1025522 -9.505020974229225 -28.319678458128788 8.308000000000007 0.0 0.0 0.0 1.0
1725491403.204704 -9.531062127268974 -28.419865999431593 8.272999999999996 0.0 0.0 0.0 1.0
1725491403.302692 -9.51370135816462 -28.531185490734785 8.254999999999995 0.0 0.0 0.0 1.0
1725491403.4033177 -9.487660205124872 -28.631373032037583 8.195000000000007 0.0 0.0 0.0 1.0
1725491403.5026011 -9.35745443869257 -28.75382447175922 8.168000000000006 0.0 0.0 0.0 1.0
1725491403.6023033 -9.305372131379515 -28.865143963062415 8.113 0.0 0.0 0.0 1.0
1725491403.7031958 -9.366134822627968 -28.965331504365214 7.954000000000008 0.0 0.0 0.0 1.0
1725491403.8029358 -9.374815207796921 -29.076650995668405 7.838000000000008 0.0 0.0 0.0 1.0
1725491403.9025707 -9.31405251654847 -29.187970486180628 7.751000000000005 0.0 0.0 0.0 1.0
1725491404.0033522 -9.235929056195666 -29.28815802748343 7.567000000000007 0.0 0.0 0.0 1.0
1725491404.1014128 -9.218568287091314 -29.354949722739924 7.5190000000000055 0.0 0.0 0.0 1.0
1725491404.2062726 -9.227248671026713 -29.421741417205453 7.451000000000008 0.0 0.0 0.0 1.0
1725491404.3037503 -9.288011362275164 -29.432873365623895 7.390000000000001 0.0 0.0 0.0 1.0
1725491404.402633 -9.305372131379515 -29.533060907717672 7.219000000000008 0.0 0.0 0.0 1.0
1725491404.5027523 -9.331413284419265 -29.64438039822989 7.025999999999996 0.0 0.0 0.0 1.0
1725491404.603489 -9.35745443869257 -29.711172092695417 6.906000000000006 0.0 0.0 0.0 1.0
1725491404.7034435 -9.470299436020522 -29.77796378716094 6.828000000000003 0.0 0.0 0.0 1.0
1725491404.8033977 -9.661267893701277 -29.844755481626468 6.772999999999996 0.0 0.0 0.0 1.0
1725491404.9034078 -9.826195198342282 -29.967206921348104 6.8160000000000025 0.0 0.0 0.0 1.0
1725491405.00165 -9.999802888152244 -30.056262514232465 6.817999999999998 0.0 0.0 0.0 1.0
1725491405.1025295 -10.138689038519942 -30.06739446344188 6.658000000000001 0.0 0.0 0.0 1.0
1725491405.206838 -10.216812498872747 -30.156450056326236 6.494 0.0 0.0 0.0 1.0
1725491405.3038132 -10.2775751901212 -30.23437370000118 6.4680000000000035 0.0 0.0 0.0 1.0
1725491405.4043071 -10.425141725657854 -30.267769546838455 6.445999999999998 0.0 0.0 0.0 1.0
1725491405.5040097 -10.503265186010657 -30.31229734288515 6.435000000000002 0.0 0.0 0.0 1.0
1725491405.6045368 -10.494584800841706 -30.379089037350674 6.367000000000004 0.0 0.0 0.0 1.0
1725491405.7037637 -10.485904416906308 -30.50154047786328 6.369 0.0 0.0 0.0 1.0
1725491405.8042095 -10.511945569946057 -30.55720022311939 6.328000000000003 0.0 0.0 0.0 1.0
1725491405.9020925 -10.555347492090156 -30.646255815212776 6.308000000000007 0.0 0.0 0.0 1.0
1725491406.0038435 -10.642151337611915 -30.679651662841028 6.274000000000001 0.0 0.0 0.0 1.0
1725491406.1035922 -10.720274796731163 -30.802103102562665 6.1710000000000065 0.0 0.0 0.0 1.0
1725491406.2077277 -10.754996334939866 -30.924554542284294 6.0120000000000005 0.0 0.0 0.0 1.0
1725491406.3041303 -10.798398257083969 -30.935686491493712 5.956000000000003 0.0 0.0 0.0 1.0
1725491406.4036977 -10.876521717436772 -31.024742084378072 5.971000000000004 0.0 0.0 0.0 1.0
1725491406.5036488 -10.954645177789574 -31.102665728053015 5.930999999999997 0.0 0.0 0.0 1.0
1725491406.6036732 -10.92860402351627 -31.20285326935582 5.896000000000001 0.0 0.0 0.0 1.0
1725491406.7046874 -10.954645177789574 -31.31417276065901 5.927999999999997 0.0 0.0 0.0 1.0
1725491406.8020034 -11.006727483869074 -31.50341589484617 5.832999999999998 0.0 0.0 0.0 1.0
1725491406.9038963 -11.05880979118213 -31.536811741683447 5.852000000000004 0.0 0.0 0.0 1.0
1725491407.0045013 -11.067490175117527 -31.603603436148973 5.875 0.0 0.0 0.0 1.0
1725491407.1043801 -11.076170559052924 -31.670395130614494 5.942999999999998 0.0 0.0 0.0 1.0
1725491407.2082984 -11.10221171332623 -31.79284657033613 5.915000000000006 0.0 0.0 0.0 1.0
1725491407.304734 -11.050129406013175 -31.915298010848744 5.894999999999996 0.0 0.0 0.0 1.0
1725491407.4043636 -11.050129406013175 -31.94869385768602 6.007000000000005 0.0 0.0 0.0 1.0
1725491407.5043538 -11.136933250301377 -32.00435360294213 6.055000000000007 0.0 0.0 0.0 1.0
1725491407.6043482 -11.145613635470331 -32.06001334898921 6.1839999999999975 0.0 0.0 0.0 1.0
1725491407.7022042 -11.206376326718784 -32.22699258475754 6.021000000000001 0.0 0.0 0.0 1.0
1725491407.804006 -11.24109786369393 -32.29378427922306 6.052000000000007 0.0 0.0 0.0 1.0
1725491407.9044442 -11.301860554942381 -32.349444024479176 6.061999999999998 0.0 0.0 0.0 1.0
1725491408.0043666 -11.319221324046733 -32.42736766815411 6.088999999999999 0.0 0.0 0.0 1.0
1725491408.103828 -11.353942862255439 -32.52755521024789 6.067000000000007 0.0 0.0 0.0 1.0
1725491408.2079349 -11.275819401902632 -32.75019419127233 5.983000000000004 0.0 0.0 0.0 1.0
1725491408.30465 -11.24109786369393 -32.805853937319405 6.027000000000001 0.0 0.0 0.0 1.0
1725491408.4039538 -11.223737095823134 -32.89490952941279 6.051000000000002 0.0 0.0 0.0 1.0
1725491408.504618 -11.258458632798284 -33.05075681676268 5.912000000000006 0.0 0.0 0.0 1.0
1725491408.6022956 -11.19769594154983 -33.139812409647035 5.879000000000005 0.0 0.0 0.0 1.0
1725491408.7046149 -11.084850944221879 -33.18434020569373 5.900000000000006 0.0 0.0 0.0 1.0
1725491408.804303 -11.05880979118213 -33.22886800174042 5.996000000000009 0.0 0.0 0.0 1.0
1725491408.904475 -11.041449022077778 -33.340187493043615 6.051000000000002 0.0 0.0 0.0 1.0
1725491409.0037847 -10.989366714764722 -33.38471528909031 6.114000000000004 0.0 0.0 0.0 1.0
1725491409.1039052 -10.980686330829325 -33.507166728811946 5.999000000000009 0.0 0.0 0.0 1.0
1725491409.2076316 -10.980686330829325 -33.58509037248688 5.9950000000000045 0.0 0.0 0.0 1.0
1725491409.3037157 -10.980686330829325 -33.696409862999104 5.992000000000004 0.0 0.0 0.0 1.0
1725491409.4040003 -10.954645177789574 -33.78546545588347 5.918999999999997 0.0 0.0 0.0 1.0
1725491409.5021567 -10.919923639580874 -33.841125201139576 5.959000000000003 0.0 0.0 0.0 1.0
1725491409.603883 -10.945964792620622 -34.01923638690829 5.912000000000006 0.0 0.0 0.0 1.0
1725491409.7042882 -10.92860402351627 -34.06376418295498 5.853999999999999 0.0 0.0 0.0 1.0
1725491409.803867 -10.885202101372169 -34.09716002979226 5.759 0.0 0.0 0.0 1.0
1725491409.9038005 -10.893882486541125 -34.25300731714215 5.753 0.0 0.0 0.0 1.0
1725491410.004431 -10.824439410123718 -34.40885460449203 5.674000000000007 0.0 0.0 0.0 1.0
1725491410.1028435 -10.78971787314857 -34.464514349748136 5.668000000000006 0.0 0.0 0.0 1.0
1725491410.2066362 -10.815759026188317 -34.62036163709803 5.549000000000007 0.0 0.0 0.0 1.0
1725491410.3045151 -10.841800179228066 -34.75394502602907 5.573999999999998 0.0 0.0 0.0 1.0
1725491410.4024184 -10.798398257083969 -34.798472822075766 5.741 0.0 0.0 0.0 1.0
1725491410.503848 -10.815759026188317 -34.865264516541295 5.850999999999999 0.0 0.0 0.0 1.0
1725491410.604233 -10.850480564397023 -34.9209242617974 5.844000000000008 0.0 0.0 0.0 1.0
1725491410.7038047 -10.824439410123718 -34.94318816021624 5.872 0.0 0.0 0.0 1.0
1725491410.8043597 -10.798398257083969 -35.04337570151904 5.965000000000003 0.0 0.0 0.0 1.0
1725491410.9044569 -10.746315951004469 -35.17695909045009 5.876999999999995 0.0 0.0 0.0 1.0
1725491411.0038795 -10.772357104044218 -35.28827858175328 5.756 0.0 0.0 0.0 1.0
1725491411.1038837 -10.807078641019366 -35.377334174637646 5.725999999999999 0.0 0.0 0.0 1.0
1725491411.2077312 -10.746315951004469 -35.45525781752161 5.781000000000006 0.0 0.0 0.0 1.0
1725491411.3025682 -10.720274796731163 -35.522049511987134 5.649000000000001 0.0 0.0 0.0 1.0
1725491411.40393 -10.746315951004469 -35.633369003290326 5.519999999999996 0.0 0.0 0.0 1.0
1725491411.504701 -10.737635565835514 -35.80034823905866 5.364000000000004 0.0 0.0 0.0 1.0
1725491411.6044533 -10.711594412795765 -35.856007984314765 5.353000000000009 0.0 0.0 0.0 1.0
1725491411.70464 -10.642151337611915 -35.90053578115243 5.420000000000002 0.0 0.0 0.0 1.0
1725491411.8045778 -10.61611018333861 -35.96732747561796 5.4950000000000045 0.0 0.0 0.0 1.0
1725491411.9044604 -10.642151337611915 -36.08977891533959 5.438000000000002 0.0 0.0 0.0 1.0
1725491412.0037751 -10.676872874587062 -36.21223035506123 5.337000000000003 0.0 0.0 0.0 1.0
1725491412.104148 -10.720274796731163 -36.30128594794559 5.3500000000000085 0.0 0.0 0.0 1.0
1725491412.206002 -10.711594412795765 -36.34581374399228 5.3940000000000055 0.0 0.0 0.0 1.0
1725491412.3040676 -10.70291402762681 -36.4126054384578 5.3359999999999985 0.0 0.0 0.0 1.0
1725491412.4042783 -10.720274796731163 -36.523924929761 5.263999999999996 0.0 0.0 0.0 1.0
1725491412.5045385 -10.737635565835514 -36.60184857264497 5.284000000000006 0.0 0.0 0.0 1.0
1725491412.6037035 -10.737635565835514 -36.66864026711049 5.368000000000009 0.0 0.0 0.0 1.0
1725491412.704447 -10.763676718875264 -36.80222365604154 5.241 0.0 0.0 0.0 1.0
1725491412.804292 -10.754996334939866 -36.91354314734474 5.234000000000009 0.0 0.0 0.0 1.0
1725491412.9039228 -10.668192490651665 -36.95807094339143 5.201999999999998 0.0 0.0 0.0 1.0
1725491413.0049264 -10.633470952442961 -37.058258485485204 5.207999999999998 0.0 0.0 0.0 1.0
1725491413.1021805 -10.572708261194508 -37.125050179950726 5.275000000000006 0.0 0.0 0.0 1.0
1725491413.2077146 -10.581388646363465 -37.23636967046295 5.295000000000002 0.0 0.0 0.0 1.0
1725491413.3052175 -10.555347492090156 -37.381085008603414 5.352000000000004 0.0 0.0 0.0 1.0
1725491413.404492 -10.52062595511501 -37.47014060148777 5.403000000000006 0.0 0.0 0.0 1.0
1725491413.504516 -10.477224032970907 -37.55919619358116 5.453000000000003 0.0 0.0 0.0 1.0
1725491413.6048212 -10.43382211082681 -37.659383735674936 5.454999999999998 0.0 0.0 0.0 1.0
1725491413.7046864 -10.390420187449152 -37.73730737934987 5.753 0.0 0.0 0.0 1.0
1725491413.8040626 -10.407780956553502 -37.82636297144326 5.823999999999998 0.0 0.0 0.0 1.0
1725491413.9046712 -10.390420187449152 -37.95994636037432 5.7250000000000085 0.0 0.0 0.0 1.0
1725491414.0023248 -10.338337881369654 -38.07126585167751 5.885000000000005 0.0 0.0 0.0 1.0
1725491414.1036773 -10.294935959225551 -38.149189495352445 5.933000000000007 0.0 0.0 0.0 1.0
1725491414.2078555 -10.294935959225551 -38.24937703665525 6.061000000000007 0.0 0.0 0.0 1.0
1725491414.303863 -10.286255574056597 -38.349564578749025 6.158000000000001 0.0 0.0 0.0 1.0
1725491414.4036605 -10.2775751901212 -38.47201601847066 6.224000000000004 0.0 0.0 0.0 1.0
1725491414.5038402 -10.260214421016848 -38.53880771293618 6.269999999999996 0.0 0.0 0.0 1.0
1725491414.6035945 -10.216812498872747 -38.63899525423899 6.366 0.0 0.0 0.0 1.0
1725491414.7040856 -10.156049807624296 -38.7614466947516 6.382000000000005 0.0 0.0 0.0 1.0
1725491414.8039286 -10.112647885480195 -38.83937033763557 6.575000000000003 0.0 0.0 0.0 1.0
1725491414.9021246 -10.103967501544798 -38.950689828938756 6.418000000000006 0.0 0.0 0.0 1.0
1725491415.0033984 -10.025844041191993 -38.99521762498545 6.420000000000002 0.0 0.0 0.0 1.0
1725491415.1037998 -9.99112250298329 -39.084273217869814 6.402000000000001 0.0 0.0 0.0 1.0
1725491415.2076507 -9.930359811734837 -39.184460759172616 6.384 0.0 0.0 0.0 1.0
1725491415.3034883 -9.90431865869509 -39.25125245363814 6.254000000000005 0.0 0.0 0.0 1.0
1725491415.404149 -9.826195198342282 -39.32917609731308 6.131 0.0 0.0 0.0 1.0
1725491415.5034833 -9.78279327619818 -39.38483584256919 6.1440000000000055 0.0 0.0 0.0 1.0
1725491415.6037788 -9.661267893701277 -39.3959677917786 6.283000000000001 0.0 0.0 0.0 1.0
1725491415.703802 -9.617865971557176 -39.49615533387238 6.177999999999997 0.0 0.0 0.0 1.0
1725491415.8019826 -9.583144434582028 -39.59634287517519 6.108000000000004 0.0 0.0 0.0 1.0
1725491415.9038305 -9.557103280308723 -39.71879431489682 6.112000000000009 0.0 0.0 0.0 1.0
1725491416.0046008 -9.531062127268974 -39.841245755409425 6.076000000000008 0.0 0.0 0.0 1.0
1725491416.1035712 -9.478979821189476 -39.874641602246705 6.138000000000005 0.0 0.0 0.0 1.0
1725491416.206726 -9.45293866691617 -39.90803744987495 6.228999999999999 0.0 0.0 0.0 1.0
1725491416.3048656 -9.400856360836672 -39.95256524592165 6.313000000000002 0.0 0.0 0.0 1.0
1725491416.4042728 -9.35745443869257 -40.05275278722445 6.304000000000002 0.0 0.0 0.0 1.0
1725491416.5041664 -9.340093669588219 -40.16407227852764 6.302000000000007 0.0 0.0 0.0 1.0
1725491416.6044126 -9.374815207796921 -40.241995922202584 6.305999999999997 0.0 0.0 0.0 1.0
1725491416.7019255 -9.400856360836672 -40.342183463505386 6.356999999999999 0.0 0.0 0.0 1.0
1725491416.8041322 -9.418217129941024 -40.46463490322702 6.418999999999997 0.0 0.0 0.0 1.0
1725491416.9045033 -9.374815207796921 -40.54255854690196 6.4950000000000045 0.0 0.0 0.0 1.0
1725491417.0040658 -9.35745443869257 -40.62048219057691 6.528000000000006 0.0 0.0 0.0 1.0
